Lithuania Britain Syria Luxembourg Belgium Netherlands Italy Czech Republic Malta France Slovakia Germany Romania Sweden Greece Hungary Ireland Belarus Jordan Denmark Poland Lebanon Turkey Finland Russia US UK Slovenia Croatia Serbia Bosnia Egypt Spain Australia United States Portugal Bulgaria Estonia Cyprus Macedonia Moldova Ukraine Austria Switzerland Albania Kosovo Montenegro Georgia United Kingdom Iceland San Marino Norway Armenia Kazakhstan
  0   1   2   0   0   0   0   0   0   0   0   0   0   0   0   0   0   0   0   0   0   0   0   0   0   0   0   0   0   0   0   0   0   0   0   0   0   0   0   0   0   0   0   0   0   0   0   0   0   0   0   0   0   0
  1   0 197   5   0   0 189   0 190 191   0 193   0 202 207 208  23  37  60 103   0 173 188 194 198 203 206   0 131 201   0 200  72 163 196 199   0   0   0 195   0   0 205 146   0   0   0   0 204 192   0   0   0   0
  2 197   0   0  53  94 241 257 269 283 296 323 362 366 371 372  29   0  64 108 121 178 222 345 360 367 370  44 138 365   0 364  80 167 356 363 361   0   0 350   0 338 369   0   0   0   0   0 368 312   0 303   0 335
  0   5   0   0   3   4   6   7   8   9  10  11  12  13  14  15   0   0   0   0   0   0   0   0   0   0   0   0   0   0   0   0   0   0   0   0   0   0   0   0   0   0   0   0   0   0   0   0   0   0   0   0   0   0
  0   0  53   3   0  47  49   0   0  50   0  51  54  56   0   0  17   0   0   0  48   0   0   0   0  57   0   0   0  55  52   0   0   0   0   0   0   0   0   0   0   0   0   0   0   0   0   0   0   0   0   0   0   0
  0   0  94   4  47   0  89  90  91  92   0  93  95  97 100 101  19   0   0   0  87   0  88   0   0  98  99   0   0  96   0   0   0   0   0   0   0   0   0   0   0   0   0   0   0   0   0   0   0   0   0   0   0   0
  0 189 241   6  49  89   0 233 234 235 236 237 244   0 250 251  25   0   0 105   0 175 211 238 242 247 249   0 133 246   0 245  74   0 240   0 243   0   0 239   0   0 248   0   0   0   0   0   0   0   0   0   0   0
  0   0 257   7   0  90 233   0 252 253 254 255 258   0 262 263   0   0   0   0 117   0 212   0   0   0 261   0   0 259   0   0  75   0   0   0   0   0   0 256   0   0 260   0   0   0   0   0   0   0   0   0   0   0
  0 190 269   8   0  91 234 252   0   0   0 266   0 272 276 277   0   0   0 106   0   0 213 267   0 273 275   0 134 271   0   0   0   0   0   0 270   0   0 268   0   0 274   0   0   0   0   0   0   0   0   0   0   0
  0 191 283   9  50  92 235 253   0   0 278 279 285 288 292 293  26  38  62   0   0 176 214 280 284 289 291   0 135 287   0 286  76 164 282   0   0   0   0 281   0   0 290   0   0   0   0   0   0   0   0   0   0   0
  0   0 296  10   0   0 236 254   0 278   0 294 298   0 299 300   0   0   0   0 118   0 215   0   0   0   0   0   0   0   0   0  77   0   0   0 297 154 209 295   0   0   0   0   0   0   0   0   0   0   0   0   0   0
  0 193 323  11  51  93 237 255 266 279 294   0 326 329 333 334  27   0  63 107 119 177 218 320 324 330 332  43 136 328   0 327  78 166 322   0 325   0   0 321   0   0 331   0 150 159   0   0   0 310   0 301 319   0
  0   0 362  12  54  95 244 258   0 285 298 326   0 385 387 388  31   0  65   0 123 181 224   0   0   0   0   0 139 384   0   0   0   0   0   0 380   0   0   0 128 340 386   0   0   0   0   0   0   0   0   0   0   0
  0 202 366  13  56  97   0   0 272 288   0 329 385   0 404 405  32   0   0 111 124 184 227   0 374 401 403   0 141 395   0   0   0   0   0   0   0   0   0 352   0   0 402   0   0   0   0   0   0   0   0 306   0   0
  0 207 371  14   0 100 250 262 276 292 299 333 387 404   0 415  35   0   0 113   0   0 231 348 378 407 413   0 144 399   0   0  85   0   0   0 382   0   0 354   0   0 411   0   0   0   0   0   0   0   0   0   0   0
  0 208 372  15   0 101 251 263 277 293 300 334 388 405 415   0  36   0  70 114 125 187 232 349 379 408 414  46 145 400   0 394  86 172   0 390 383 156   0 355   0   0 412   0   0   0   0   0   0 315 265 309   0   0
  0  23  29   0  17  19  25   0   0  26   0  27  31  32  35  36   0  16  18  20  21  22  24  28  30  33  34   0   0   0   0   0   0   0   0   0   0   0   0   0   0   0   0   0   0   0   0   0   0   0   0   0   0   0
  0  37   0   0   0   0   0   0   0  38   0   0   0   0   0   0  16   0   0   0   0   0   0   0  39  40  41   0   0   0   0   0   0   0   0   0   0   0   0   0   0   0   0   0   0   0   0   0   0   0   0   0   0   0
  0  60  64   0   0   0   0   0   0  62   0  63  65   0   0  70  18   0   0   0   0  59  61   0   0  68  69   0  58  67   0  66   0   0   0   0   0   0   0   0   0   0   0   0   0   0   0   0   0   0   0   0   0   0
  0 103 108   0   0   0 105   0 106   0   0 107   0 111 113 114  20   0   0   0   0 102 104   0   0   0 112   0   0 110   0   0   0   0   0   0 109   0   0   0   0   0   0   0   0   0   0   0   0   0   0   0   0   0
  0   0 121   0  48  87   0 117   0   0 118 119 123 124   0 125  21   0   0   0   0   0   0   0   0   0   0   0   0   0   0   0   0   0   0   0 122 115 116 120   0   0   0   0   0   0   0   0   0   0   0   0   0   0
  0 173 178   0   0   0 175   0   0 176   0 177 181 184   0 187  22   0  59 102   0   0 174   0 179 185 186   0 130 183   0 182   0   0   0   0 180   0   0   0   0   0   0   0   0   0   0   0   0   0   0   0   0   0
  0 188 222   0   0  88 211 212 213 214 215 218 224 227 231 232  24   0  61 104   0 174   0 220   0 228 230   0 132 226 219 225  73   0   0   0 223   0   0 221   0   0 229   0 148 157 217   0   0 216   0   0   0   0
  0 194 345   0   0   0 238   0 267 280   0 320   0   0 348 349  28   0   0   0   0   0 220   0   0   0 347   0   0 346   0   0   0   0   0   0   0   0   0   0   0   0   0   0   0   0   0   0   0 311   0   0   0   0
  0 198 360   0   0   0 242   0   0 284   0 324   0 374 378 379  30  39   0   0   0 179   0   0   0 375 377   0   0 373   0   0  81   0 357   0   0   0 210   0 127 339 376   0   0   0   0   0   0   0   0 304   0 336
  0 203 367   0  57  98 247   0 273 289   0 330   0 401 407 408  33  40  68   0   0 185 228   0 375   0 406   0   0 396   0 391  83 169 358   0   0   0   0   0 129 342   0   0   0   0   0   0   0   0   0   0   0   0
  0 206 370   0   0  99 249 261 275 291   0 332   0 403 413 414  34  41  69 112   0 186 230 347 377 406   0   0 143 398   0 393  84 171 359 389   0   0   0   0   0   0 410   0   0   0   0   0 409 314   0 308   0   0
  0   0  44   0   0   0   0   0   0   0   0  43   0   0   0  46   0   0   0   0   0   0   0   0   0   0   0   0  42  45   0   0   0   0   0   0   0   0   0   0   0   0   0   0   0   0   0   0   0   0   0   0   0   0
  0 131 138   0   0   0 133   0 134 135   0 136 139 141 144 145   0   0  58   0   0 130 132   0   0   0 143  42   0 140   0   0   0   0   0   0   0   0   0 137   0   0 142   0   0   0   0   0   0   0   0   0   0   0
  0 201 365   0  55  96 246 259 271 287   0 328 384 395 399 400   0   0  67 110   0 183 226 346 373 396 398  45 140   0 344   0   0   0   0   0   0   0   0 351   0 341 397   0 153 162 318   0   0 313   0 305   0   0
  0   0   0   0  52   0   0   0   0   0   0   0   0   0   0   0   0   0   0   0   0   0 219   0   0   0   0   0   0 344   0   0   0   0   0   0   0   0   0 343   0   0   0   0 151 160 316   0   0   0   0   0   0   0
  0 200 364   0   0   0 245   0   0 286   0 327   0   0   0 394   0   0  66   0   0 182 225   0   0 391 393   0   0   0   0   0   0 168   0   0   0   0   0   0   0   0 392   0   0   0   0   0   0   0   0   0   0   0
  0  72  80   0   0   0  74  75   0  76  77  78   0   0  85  86   0   0   0   0   0   0  73   0  81  83  84   0   0   0   0   0   0  71  79  82   0   0   0   0   0   0   0   0   0   0   0   0   0   0   0   0   0   0
  0 163 167   0   0   0   0   0   0 164   0 166   0   0   0 172   0   0   0   0   0   0   0   0   0 169 171   0   0   0   0 168  71   0   0   0   0   0   0   0   0   0   0   0   0   0   0 165 170   0   0   0   0   0
  0 196 356   0   0   0 240   0   0 282   0 322   0   0   0   0   0   0   0   0   0   0   0   0 357 358 359   0   0   0   0   0  79   0   0   0   0   0   0   0   0   0   0   0   0   0   0   0   0   0   0 302   0   0
  0 199 363   0   0   0   0   0   0   0   0   0   0   0   0 390   0   0   0   0   0   0   0   0   0   0 389   0   0   0   0   0  82   0   0   0   0   0   0   0   0   0   0   0   0   0   0   0   0   0   0   0   0   0
  0   0 361   0   0   0 243   0 270   0 297 325 380   0 382 383   0   0   0 109 122 180 223   0   0   0   0   0   0   0   0   0   0   0   0   0   0   0   0   0   0   0 381   0   0   0   0   0   0   0   0   0   0   0
  0   0   0   0   0   0   0   0   0   0 154   0   0   0   0 156   0   0   0   0 115   0   0   0   0   0   0   0   0   0   0   0   0   0   0   0   0   0   0   0   0 155   0   0   0   0   0   0   0   0   0   0   0   0
  0   0   0   0   0   0   0   0   0   0 209   0   0   0   0   0   0   0   0   0 116   0   0   0 210   0   0   0   0   0   0   0   0   0   0   0   0   0   0   0   0   0   0   0   0   0   0   0   0   0   0   0   0   0
  0 195 350   0   0   0 239 256 268 281 295 321   0 352 354 355   0   0   0   0 120   0 221   0   0   0   0   0 137 351 343   0   0   0   0   0   0   0   0   0   0 337 353   0 152 161 317   0   0   0   0   0   0   0
  0   0   0   0   0   0   0   0   0   0   0   0 128   0   0   0   0   0   0   0   0   0   0   0 127 129   0   0   0   0   0   0   0   0   0   0   0   0   0   0   0 126   0   0   0   0   0   0   0   0   0   0   0   0
  0   0 338   0   0   0   0   0   0   0   0   0 340   0   0   0   0   0   0   0   0   0   0   0 339 342   0   0   0 341   0   0   0   0   0   0   0 155   0 337 126   0   0   0   0   0   0   0   0   0   0   0   0   0
  0 205 369   0   0   0 248 260 274 290   0 331 386 402 411 412   0   0   0   0   0   0 229   0 376   0 410   0 142 397   0 392   0   0   0   0 381   0   0 353   0   0   0   0   0   0   0   0   0   0 264 307   0   0
  0 146   0   0   0   0   0   0   0   0   0   0   0   0   0   0   0   0   0   0   0   0   0   0   0   0   0   0   0   0   0   0   0   0   0   0   0   0   0   0   0   0   0   0   0   0   0   0   0   0   0   0   0   0
  0   0   0   0   0   0   0   0   0   0   0 150   0   0   0   0   0   0   0   0   0   0 148   0   0   0   0   0   0 153 151   0   0   0   0   0   0   0   0 152   0   0   0   0   0 147 149   0   0   0   0   0   0   0
  0   0   0   0   0   0   0   0   0   0   0 159   0   0   0   0   0   0   0   0   0   0 157   0   0   0   0   0   0 162 160   0   0   0   0   0   0   0   0 161   0   0   0   0 147   0 158   0   0   0   0   0   0   0
  0   0   0   0   0   0   0   0   0   0   0   0   0   0   0   0   0   0   0   0   0   0 217   0   0   0   0   0   0 318 316   0   0   0   0   0   0   0   0 317   0   0   0   0 149 158   0   0   0   0   0   0   0   0
  0   0   0   0   0   0   0   0   0   0   0   0   0   0   0   0   0   0   0   0   0   0   0   0   0   0   0   0   0   0   0   0   0 165   0   0   0   0   0   0   0   0   0   0   0   0   0   0   0   0   0   0   0   0
  0 204 368   0   0   0   0   0   0   0   0   0   0   0   0   0   0   0   0   0   0   0   0   0   0   0 409   0   0   0   0   0   0 170   0   0   0   0   0   0   0   0   0   0   0   0   0   0   0   0   0   0   0   0
  0 192 312   0   0   0   0   0   0   0   0 310   0   0   0 315   0   0   0   0   0   0 216 311   0   0 314   0   0 313   0   0   0   0   0   0   0   0   0   0   0   0   0   0   0   0   0   0   0   0   0   0   0   0
  0   0   0   0   0   0   0   0   0   0   0   0   0   0   0 265   0   0   0   0   0   0   0   0   0   0   0   0   0   0   0   0   0   0   0   0   0   0   0   0   0   0 264   0   0   0   0   0   0   0   0   0   0   0
  0   0 303   0   0   0   0   0   0   0   0 301   0 306   0 309   0   0   0   0   0   0   0   0 304   0 308   0   0 305   0   0   0   0 302   0   0   0   0   0   0   0 307   0   0   0   0   0   0   0   0   0   0   0
  0   0   0   0   0   0   0   0   0   0   0 319   0   0   0   0   0   0   0   0   0   0   0   0   0   0   0   0   0   0   0   0   0   0   0   0   0   0   0   0   0   0   0   0   0   0   0   0   0   0   0   0   0   0
  0   0 335   0   0   0   0   0   0   0   0   0   0   0   0   0   0   0   0   0   0   0   0   0 336   0   0   0   0   0   0   0   0   0   0   0   0   0   0   0   0   0   0   0   0   0   0   0   0   0   0   0   0   0
